42

0 24 50 26 46 90 24 87 26 18 77 46 75 9 59 33 33 44 11 30 31 50 84 34 70 20 61 7 46 50 32 60 21 73 76 21 68 25 1 70 84 46
24 0 17 67 29 29 50 81 68 36 97 32 85 19 5 73 90 16 92 15 2 53 49 80 69 99 100 74 84 30 95 94 100 54 62 34 16 71 31 92 70 44
50 17 0 93 43 27 14 85 84 33 30 49 80 10 2 87 65 8 58 98 55 67 3 59 92 9 54 32 80 75 33 1 46 68 93 5 47 31 95 46 35 59
26 67 93 0 49 84 51 94 46 60 11 74 92 85 33 53 79 69 14 84 50 90 20 39 49 52 39 83 10 41 1 2 20 47 27 91 99 84 33 28 17 56
46 29 43 49 0 80 90 80 81 40 88 5 48 2 70 29 99 91 17 11 21 22 36 29 70 72 19 9 91 68 66 56 31 18 52 15 17 46 42 50 55 9
90 29 27 84 80 0 60 67 12 51 30 44 37 21 37 8 11 38 65 74 84 23 65 34 85 86 25 95 50 45 52 73 28 27 42 40 92 76 52 13 26 54
24 50 14 51 90 60 0 65 86 8 33 35 42 36 40 83 27 67 27 99 49 9 72 21 53 81 33 61 99 74 56 20 35 82 74 88 52 39 74 26 90 37
87 81 85 94 80 67 65 0 53 15 36 8 13 67 53 76 22 64 72 41 22 71 84 11 14 88 38 91 3 19 11 83 5 92 82 97 14 42 58 86 74 68
26 68 84 46 81 12 86 53 0 71 58 75 25 14 42 10 97 87 91 3 73 34 86 36 66 75 20 29 20 14 79 61 47 61 49 4 65 92 63 54 43 11
18 36 33 60 40 51 8 15 71 0 73 71 45 72 62 12 91 67 56 95 54 49 45 32 35 71 85 73 8 50 64 38 45 37 56 59 100 34 75 95 25 26
77 97 30 11 88 30 33 36 58 73 0 2 97 85 56 53 25 30 62 3 3 21 72 43 17 94 53 53 27 43 87 33 75 75 89 94 63 42 7 65 88 68
46 32 49 74 5 44 35 8 75 71 2 0 63 98 80 60 24 81 93 55 17 77 11 99 33 6 50 88 21 89 15 79 88 64 15 66 60 64 21 50 3 11
75 85 80 92 48 37 42 13 25 45 97 63 0 53 48 42 69 62 92 55 41 74 46 20 41 68 30 80 53 56 2 22 3 12 22 2 6 35 66 7 42 7
9 19 10 85 2 21 36 67 14 72 85 98 53 0 26 40 24 50 55 59 97 47 16 34 28 50 32 61 89 79 4 52 26 48 37 98 86 8 21 92 60 75
59 5 2 33 70 37 40 53 42 62 56 80 48 26 0 58 31 76 62 95 89 6 57 75 50 82 50 3 28 1 61 36 59 7 2 15 81 17 38 71 14 98
33 73 87 53 29 8 83 76 10 12 53 60 42 40 58 0 86 60 64 4 35 5 25 50 97 87 85 1 15 7 40 99 59 33 86 55 19 92 66 56 100 31
33 90 65 79 99 11 27 22 97 91 25 24 69 24 31 86 0 81 94 44 31 27 50 2 36 95 28 58 27 54 73 83 10 52 1 45 20 12 48 72 89 72
44 16 8 69 91 38 67 64 87 67 30 81 62 50 76 60 81 0 49 38 99 74 75 28 38 41 22 93 82 97 68 89 70 23 48 16 83 4 82 46 1 37
11 92 58 14 17 65 27 72 91 56 62 93 92 55 62 64 94 49 0 73 92 15 38 98 46 72 57 57 1 57 84 18 64 45 73 89 23 68 91 36 46 12
30 15 98 84 11 74 99 41 3 95 3 55 55 59 95 4 44 38 73 0 47 67 53 100 58 93 99 37 61 64 72 100 4 28 38 78 30 71 89 52 30 34
31 2 55 50 21 84 49 22 73 54 3 17 41 97 89 35 31 99 92 47 0 28 29 42 50 85 20 19 16 83 65 68 49 96 97 73 57 29 50 18 37 98
50 53 67 90 22 23 9 71 34 49 21 77 74 47 6 5 27 74 15 67 28 0 84 11 17 70 24 51 42 95 3 99 66 74 81 99 40 13 17 68 82 100
84 49 3 20 36 65 72 84 86 45 72 11 46 16 57 25 50 75 38 53 29 84 0 69 54 74 28 28 65 49 83 45 86 75 50 59 49 3 14 90 62 52
34 80 59 39 29 34 21 11 36 32 43 99 20 34 75 50 2 28 98 100 42 11 69 0 39 65 91 72 91 48 35 82 32 10 84 24 71 87 56 28 78 75
70 69 92 49 70 85 53 14 66 35 17 33 41 28 50 97 36 38 46 58 50 17 54 39 0 68 53 21 47 90 41 49 7 79 23 32 76 23 63 79 80 79
20 99 9 52 72 86 81 88 75 71 94 6 68 50 82 87 95 41 72 93 85 70 74 65 68 0 84 94 28 77 32 96 63 52 80 75 31 6 44 89 87 92
61 100 54 39 19 25 33 38 20 85 53 50 30 32 50 85 28 22 57 99 20 24 28 91 53 84 0 31 62 33 66 27 48 9 62 33 54 87 84 78 5 75
7 74 32 83 9 95 61 91 29 73 53 88 80 61 3 1 58 93 57 37 19 51 28 72 21 94 31 0 50 53 66 56 96 31 67 50 69 96 81 98 98 73
46 84 80 10 91 50 99 3 20 8 27 21 53 89 28 15 27 82 1 61 16 42 65 91 47 28 62 50 0 53 95 62 7 39 73 52 88 45 9 70 10 2
50 30 75 41 68 45 74 19 14 50 43 89 56 79 1 7 54 97 57 64 83 95 49 48 90 77 33 53 53 0 29 48 48 83 66 92 50 42 9 62 63 92
32 95 33 1 66 52 56 11 79 64 87 15 2 4 61 40 73 68 84 72 65 3 83 35 41 32 66 66 95 29 0 91 18 9 61 14 90 96 73 60 25 77
60 94 1 2 56 73 20 83 61 38 33 79 22 52 36 99 83 89 18 100 68 99 45 82 49 96 27 56 62 48 91 0 75 91 45 72 80 30 55 60 79 38
21 100 46 20 31 28 35 5 47 45 75 88 3 26 59 59 10 70 64 4 49 66 86 32 7 63 48 96 7 48 18 75 0 11 85 17 43 10 65 93 96 50
73 54 68 47 18 27 82 92 61 37 75 64 12 48 7 33 52 23 45 28 96 74 75 10 79 52 9 31 39 83 9 91 11 0 11 78 42 5 74 91 70 97
76 62 93 27 52 42 74 82 49 56 89 15 22 37 2 86 1 48 73 38 97 81 50 84 23 80 62 67 73 66 61 45 85 11 0 10 69 79 39 88 82 84
21 34 5 91 15 40 88 97 4 59 94 66 2 98 15 55 45 16 89 78 73 99 59 24 32 75 33 50 52 92 14 72 17 78 10 0 66 49 13 74 95 41
68 16 47 99 17 92 52 14 65 100 63 60 6 86 81 19 20 83 23 30 57 40 49 71 76 31 54 69 88 50 90 80 43 42 69 66 0 67 75 11 32 94
25 71 31 84 46 76 39 42 92 34 42 64 35 8 17 92 12 4 68 71 29 13 3 87 23 6 87 96 45 42 96 30 10 5 79 49 67 0 59 54 13 17
1 31 95 33 42 52 74 58 63 75 7 21 66 21 38 66 48 82 91 89 50 17 14 56 63 44 84 81 9 9 73 55 65 74 39 13 75 59 0 60 31 88
70 92 46 28 50 13 26 86 54 95 65 50 7 92 71 56 72 46 36 52 18 68 90 28 79 89 78 98 70 62 60 60 93 91 88 74 11 54 60 0 88 52
84 70 35 17 55 26 90 74 43 25 88 3 42 60 14 100 89 1 46 30 37 82 62 78 80 87 5 98 10 63 25 79 96 70 82 95 32 13 31 88 0 43
46 44 59 56 9 54 37 68 11 26 68 11 7 75 98 31 72 37 12 34 98 100 52 75 79 92 75 73 2 92 77 38 50 97 84 41 94 17 88 52 43 0

0 94 38 12 99 40 69 3 60 41 94 89 43 54 45 30 96 8 61 89 78 92 98 65 93 42 35 68 37 21 37 89 32 11 33 66 45 99 37 45 15 28
14 0 40 5 59 13 99 74 93 19 76 62 28 43 61 33 30 40 9 89 35 17 93 81 84 89 42 12 65 90 41 98 36 93 74 90 18 26 14 37 50 28
57 89 0 40 21 75 68 58 64 10 7 29 53 41 60 76 35 2 92 29 2 66 56 90 2 40 45 45 90 57 97 40 38 86 76 39 89 92 71 67 19 20
62 80 16 0 70 81 70 67 57 92 17 51 60 96 25 19 31 93 78 57 68 55 34 8 37 49 37 56 32 24 99 2 6 30 68 21 87 50 9 87 75 35
17 57 85 76 0 22 67 85 4 42 63 11 86 80 63 94 89 86 87 100 18 86 44 20 23 17 72 83 1 57 83 91 7 50 81 85 36 89 37 10 59 57
76 83 77 72 73 0 91 3 88 66 89 37 13 14 75 4 33 78 11 50 82 3 36 41 97 70 94 12 10 44 64 89 78 83 81 78 77 49 2 16 33 43
27 30 65 76 15 21 0 90 76 49 89 35 83 69 54 61 63 65 19 87 98 37 92 48 41 73 42 31 62 18 3 4 73 8 26 83 14 55 87 68 45 75
42 31 82 60 50 33 18 0 39 41 63 43 83 13 47 80 19 94 86 24 46 79 88 71 93 29 75 18 3 25 13 82 25 50 30 4 51 86 20 19 64 2
71 15 31 61 92 21 39 34 0 81 99 21 1 74 50 32 73 38 24 51 62 45 14 42 65 45 87 99 78 95 7 10 22 52 97 85 44 37 84 78 19 61
55 81 61 18 32 34 63 50 34 0 70 17 17 19 36 91 19 53 39 59 54 50 51 78 1 33 38 80 72 55 72 31 35 40 18 15 45 66 62 46 79 48
9 62 42 94 32 73 11 60 93 28 0 62 46 62 93 93 28 16 12 99 63 61 46 73 78 24 96 14 83 99 19 19 43 91 52 21 26 9 82 29 27 58
8 97 18 47 75 40 61 4 64 91 60 0 39 72 41 68 53 35 84 27 69 97 77 50 62 73 92 21 8 62 14 82 8 27 65 1 4 79 3 98 53 64
64 97 66 59 57 48 80 14 26 69 23 42 0 49 73 40 6 40 5 27 27 84 22 1 98 38 99 71 38 21 92 16 27 44 44 28 27 9 11 35 91 62
4 22 27 68 57 91 56 10 68 53 51 69 18 0 54 38 3 99 21 2 78 25 22 61 81 100 22 21 95 17 83 51 75 24 63 9 99 94 71 59 59 74
21 54 19 46 4 59 55 86 46 3 18 89 80 33 0 83 25 79 57 11 39 55 57 45 40 79 53 48 96 4 67 17 42 49 90 15 39 69 10 99 3 65
76 95 50 94 80 66 36 92 57 7 51 63 56 15 61 0 100 88 42 32 59 2 90 93 93 89 78 52 88 7 10 89 83 10 97 95 83 94 67 91 90 43
51 94 34 63 57 63 52 99 85 79 25 77 63 44 25 19 0 8 42 27 88 85 40 44 30 47 82 47 87 27 79 97 8 21 65 94 68 5 41 3 99 76
92 5 91 80 85 87 8 65 17 8 23 64 85 11 73 50 15 0 3 99 52 20 47 21 85 71 17 27 13 87 71 78 74 49 88 39 90 71 19 74 15 100
64 40 82 80 52 37 58 93 68 52 54 95 72 19 89 9 18 38 0 34 37 56 23 73 62 86 45 2 26 6 32 85 43 82 86 57 40 40 4 34 53 51
58 94 97 37 52 25 32 26 95 76 69 26 28 77 67 53 45 55 82 0 23 44 40 76 64 94 15 37 4 37 5 99 92 9 6 40 47 68 45 46 21 85
11 31 87 66 85 30 36 48 63 83 22 61 13 15 100 39 53 88 92 54 0 37 10 27 83 66 98 74 55 93 78 92 100 86 15 54 43 97 13 28 1 58
2 59 4 42 36 38 61 97 53 62 63 64 18 21 7 58 58 47 96 24 95 0 38 80 44 90 75 46 18 79 24 94 85 80 31 65 47 90 70 26 35 91
80 49 14 82 15 1 23 56 47 48 80 53 30 52 78 58 38 43 29 58 91 70 0 26 69 33 33 83 47 52 83 4 14 11 70 81 32 23 24 27 40 2
21 100 21 90 77 97 7 10 99 24 81 36 74 93 58 43 67 45 54 13 46 34 66 0 4 91 100 48 77 59 51 74 72 67 72 63 80 54 46 31 34 6
14 86 19 25 37 48 62 10 53 56 78 13 83 91 36 59 40 59 49 25 8 31 76 84 0 45 74 69 28 87 53 28 87 36 53 100 13 40 28 95 48 1
66 25 51 61 37 44 60 43 63 11 9 57 48 51 22 45 26 28 67 57 50 24 7 93 35 0 89 25 37 62 44 49 98 60 89 5 19 85 32 50 54 55
57 53 88 15 50 43 17 33 36 51 99 27 12 97 85 1 50 25 99 15 62 18 57 76 41 14 0 40 68 16 66 98 19 88 59 46 55 50 20 56 29 72
38 82 12 32 41 53 57 3 39 51 14 66 9 10 42 52 99 32 7 3 55 11 15 96 20 17 20 0 39 3 56 44 3 84 34 56 97 54 8 57 72 64
45 50 34 23 26 78 14 96 89 72 97 35 30 7 91 57 82 86 2 4 97 85 60 67 46 71 52 87 0 61 71 15 59 52 58 81 81 51 86 93 76 93
4 97 16 53 35 80 49 19 66 28 95 39 98 86 34 4 86 77 48 6 88 30 23 1 92 51 38 18 9 0 71 65 55 71 81 97 63 67 27 35 60 54
19 97 46 71 71 17 70 42 27 75 67 94 31 56 25 67 95 62 8 74 87 29 20 83 43 91 92 52 89 92 0 82 79 54 97 84 80 94 19 29 31 29
91 52 4 97 68 89 78 58 4 84 35 38 32 69 12 8 39 93 74 64 51 33 92 95 87 57 3 64 59 43 34 0 83 33 17 59 22 53 27 50 81 71
66 84 83 88 85 63 22 72 16 85 76 86 25 77 27 13 40 11 29 23 92 8 75 25 62 10 83 26 90 79 59 1 0 9 11 1 25 23 19 90 18 83
74 14 67 56 56 42 54 31 84 22 15 64 38 75 18 35 94 71 71 91 38 77 63 31 57 66 62 80 60 85 68 17 28 0 21 21 86 36 73 40 32 95
55 41 13 11 29 34 88 6 29 71 83 81 26 100 18 87 23 9 87 48 93 56 12 48 95 73 13 80 94 40 11 78 100 70 0 25 8 23 52 96 56 96
24 21 58 7 7 29 34 20 19 82 87 3 13 96 38 16 50 67 38 23 76 99 32 16 30 81 82 61 70 54 96 47 47 26 91 0 27 67 90 63 69 21
55 64 18 60 34 72 13 76 13 35 17 44 23 34 69 15 34 8 41 20 67 93 5 45 61 42 97 60 93 71 66 11 67 56 47 62 0 58 21 89 8 92
76 58 54 70 16 77 30 61 49 73 100 33 42 85 58 71 28 14 41 37 22 12 47 23 66 69 38 26 67 18 3 68 28 3 86 17 77 0 86 23 56 49
94 94 5 85 14 46 4 100 79 84 9 17 93 44 92 95 87 33 20 81 52 6 98 35 20 1 58 88 67 57 16 56 2 80 55 6 19 11 0 53 72 48
87 11 2 97 89 23 68 87 59 28 42 23 86 87 100 8 16 16 22 76 67 40 21 67 94 77 66 7 25 12 37 40 41 17 94 44 44 21 3 0 78 53
8 76 59 14 11 43 18 23 42 34 6 75 3 71 33 68 59 32 13 63 16 2 87 45 38 100 73 70 53 50 20 48 47 57 49 36 53 13 90 59 0 67
52 58 64 19 93 50 73 8 7 2 51 55 57 46 53 86 86 81 7 15 55 22 25 60 44 54 36 91 95 45 58 6 22 2 51 59 76 60 87 33 78 0

(943, 401)
(493, 860)
(710, 566)
(365, 650)
(229, 694)
(243, 995)
(408, 72)
(168, 626)
(701, 326)
(67, 673)
(304, 900)
(224, 614)
(756, 824)
(713, 956)
(131, 407)
(653, 933)
(781, 649)
(969, 237)
(158, 153)
(56, 331)
(670, 452)
(663, 868)
(368, 95)
(445, 273)
(487, 847)
(74, 658)
(805, 576)
(575, 283)
(157, 610)
(703, 921)
(875, 764)
(816, 273)
(299, 809)
(698, 455)
(628, 193)
(435, 511)
(880, 713)
(956, 885)
(285, 96)
(615, 712)
(343, 715)
(909, 603)