38

0 7 11 34 39 12 26 46 59 29 92 90 3 24 86 49 85 63 26 22 93 85 52 65 38 66 2 83 12 72 18 47 53 23 55 54 20 82
7 0 8 22 51 74 29 77 16 46 44 47 34 34 86 61 83 8 53 13 74 65 24 50 6 43 43 77 48 61 51 46 93 79 81 45 43 77
11 8 0 46 57 2 73 9 67 2 84 33 86 56 5 29 70 5 76 81 28 100 87 50 93 100 41 68 40 63 69 100 36 20 85 33 9 13
34 22 46 0 17 28 8 28 4 79 16 80 30 87 41 46 97 15 47 91 13 58 18 83 28 56 88 16 12 41 84 98 88 54 5 13 52 30
39 51 57 17 0 8 28 17 13 48 73 79 88 67 5 95 72 73 41 54 15 100 40 54 22 23 20 18 18 21 45 70 36 79 100 20 42 10
12 74 2 28 8 0 65 71 78 10 81 12 13 70 66 44 12 15 10 66 33 10 49 67 96 6 13 45 25 63 38 25 67 74 13 47 63 93
26 29 73 8 28 65 0 97 23 55 52 84 50 94 39 9 94 47 46 89 6 44 82 15 65 93 14 14 20 82 26 29 43 10 51 73 78 35
46 77 9 28 17 71 97 0 50 3 12 35 77 77 23 1 73 89 74 51 21 73 89 68 11 34 75 99 95 65 53 91 74 80 23 20 42 5
59 16 67 4 13 78 23 50 0 49 70 83 60 61 80 4 89 15 22 39 75 84 38 79 41 79 34 15 61 97 38 8 19 36 76 28 47 16
29 46 2 79 48 10 55 3 49 0 27 96 87 66 46 62 12 75 9 74 1 61 79 52 55 4 32 10 19 26 59 79 92 2 86 5 50 80
92 44 84 16 73 81 52 12 70 27 0 68 83 18 93 71 77 64 11 32 36 21 5 29 100 70 43 64 58 53 15 4 30 6 72 44 72 90
90 47 33 80 79 12 84 35 83 96 68 0 27 62 24 14 100 75 78 18 51 48 40 48 5 85 46 77 80 56 28 13 8 49 11 70 93 4
3 34 86 30 88 13 50 77 60 87 83 27 0 35 55 37 18 86 77 30 66 65 31 36 1 52 73 66 23 10 59 37 37 5 25 6 10 34
24 34 56 87 67 70 94 77 61 66 18 62 35 0 35 4 51 1 31 96 74 69 91 13 97 42 32 6 34 67 75 90 76 93 1 78 26 51
86 86 5 41 5 66 39 23 80 46 93 24 55 35 0 70 41 40 36 59 52 37 7 9 42 31 83 96 71 58 32 16 92 97 45 33 70 81
49 61 29 46 95 44 9 1 4 62 71 14 37 4 70 0 46 63 21 41 87 53 57 2 97 25 63 21 94 63 60 31 13 84 77 71 81 88
85 83 70 97 72 12 94 73 89 12 77 100 18 51 41 46 0 71 33 83 82 19 71 59 13 17 14 7 96 92 66 31 45 21 67 100 22 21
63 8 5 15 73 15 47 89 15 75 64 75 86 1 40 63 71 0 12 26 46 36 36 16 84 86 51 65 89 55 2 65 71 13 5 49 13 76
26 53 76 47 41 10 46 74 22 9 11 78 77 31 36 21 33 12 0 58 19 8 9 25 30 97 75 92 83 55 98 78 72 41 97 7 50 29
22 13 81 91 54 66 89 51 39 74 32 18 30 96 59 41 83 26 58 0 78 99 28 37 27 84 61 85 34 91 95 11 35 25 24 6 10 58
93 74 28 13 15 33 6 21 75 1 36 51 66 74 52 87 82 46 19 78 0 80 22 28 13 32 89 17 5 75 98 85 89 100 9 44 20 78
85 65 100 58 100 10 44 73 84 61 21 48 65 69 37 53 19 36 8 99 80 0 98 60 19 78 8 57 49 41 62 3 70 39 43 56 20 62
52 24 87 18 40 49 82 89 38 79 5 40 31 91 7 57 71 36 9 28 22 98 0 31 74 61 9 8 42 5 11 2 100 84 70 37 54 36
65 50 50 83 54 67 15 68 79 52 29 48 36 13 9 2 59 16 25 37 28 60 31 0 89 38 23 36 89 1 81 70 25 35 99 90 3 67
38 6 93 28 22 96 65 11 41 55 100 5 1 97 42 97 13 84 30 27 13 19 74 89 0 88 84 4 94 12 81 33 73 81 26 22 78 2
66 43 100 56 23 6 93 34 79 4 70 85 52 42 31 25 17 86 97 84 32 78 61 38 88 0 28 46 19 87 96 10 20 30 24 45 5 4
2 43 41 88 20 13 14 75 34 32 43 46 73 32 83 63 14 51 75 61 89 8 9 23 84 28 0 19 99 48 53 66 29 24 45 64 83 7
83 77 68 16 18 45 14 99 15 10 64 77 66 6 96 21 7 65 92 85 17 57 8 36 4 46 19 0 97 62 78 24 3 96 63 66 4 31
12 48 40 12 18 25 20 95 61 19 58 80 23 34 71 94 96 89 83 34 5 49 42 89 94 19 99 97 0 1 65 60 52 99 98 75 100 43
72 61 63 41 21 63 82 65 97 26 53 56 10 67 58 63 92 55 55 91 75 41 5 1 12 87 48 62 1 0 70 2 60 22 37 79 7 95
18 51 69 84 45 38 26 53 38 59 15 28 59 75 32 60 66 2 98 95 98 62 11 81 81 96 53 78 65 70 0 79 52 60 55 71 31 66
47 46 100 98 70 25 29 91 8 79 4 13 37 90 16 31 31 65 78 11 85 3 2 70 33 10 66 24 60 2 79 0 71 45 69 47 9 83
53 93 36 88 36 67 43 74 19 92 30 8 37 76 92 13 45 71 72 35 89 70 100 25 73 20 29 3 52 60 52 71 0 77 28 40 59 72
23 79 20 54 79 74 10 80 36 2 6 49 5 93 97 84 21 13 41 25 100 39 84 35 81 30 24 96 99 22 60 45 77 0 25 75 34 84
55 81 85 5 100 13 51 23 76 86 72 11 25 1 45 77 67 5 97 24 9 43 70 99 26 24 45 63 98 37 55 69 28 25 0 50 1 63
54 45 33 13 20 47 73 20 28 5 44 70 6 78 33 71 100 49 7 6 44 56 37 90 22 45 64 66 75 79 71 47 40 75 50 0 99 52
20 43 9 52 42 63 78 42 47 50 72 93 10 26 70 81 22 13 50 10 20 20 54 3 78 5 83 4 100 7 31 9 59 34 1 99 0 24
82 77 13 30 10 93 35 5 16 80 90 4 34 51 81 88 21 76 29 58 78 62 36 67 2 4 7 31 43 95 66 83 72 84 63 52 24 0

0 78 63 97 50 64 71 32 25 2 47 53 44 54 53 9 75 59 51 65 58 3 44 25 54 50 20 57 19 62 69 8 16 63 8 10 9 20
1 0 5 28 79 31 18 38 29 83 24 9 28 37 67 56 45 23 72 16 35 70 50 25 28 88 24 2 1 66 10 49 68 20 45 35 73 27
35 77 0 36 68 48 43 38 78 85 3 24 25 31 2 67 91 19 81 15 10 5 23 42 94 16 24 88 51 29 93 96 60 72 42 79 33 16
69 38 80 0 27 95 23 32 23 97 25 38 53 24 9 70 46 36 65 4 65 69 97 86 100 31 91 82 49 19 57 94 5 30 60 2 14 99
97 36 93 91 0 35 69 58 51 1 66 56 1 67 37 85 16 87 25 60 3 93 18 51 96 100 83 64 89 31 85 14 13 28 77 91 78 16
21 96 24 4 52 0 93 50 4 18 59 56 3 57 4 55 58 25 29 91 72 27 40 63 73 39 12 92 7 92 14 46 68 21 64 74 13 74
49 63 73 9 58 29 0 56 32 8 23 47 87 82 14 7 46 60 13 60 21 32 74 31 91 93 4 51 85 65 57 54 53 80 56 55 16 55
60 1 93 12 19 32 12 0 52 9 91 80 70 20 22 25 24 63 88 41 54 15 44 72 26 94 92 56 86 55 71 25 79 83 76 56 61 54
33 52 92 64 71 68 81 19 0 10 14 12 10 100 64 72 37 33 66 11 2 63 12 87 46 62 84 38 45 22 43 14 82 67 51 60 11 49
57 33 22 67 13 60 36 66 13 0 85 16 64 67 15 72 36 95 48 15 24 29 35 45 87 17 41 88 42 22 97 89 63 59 56 71 72 71
62 89 77 44 17 52 59 5 67 76 0 86 79 94 67 74 34 2 3 90 96 46 39 67 57 53 2 75 19 24 69 32 88 85 31 61 41 73
87 100 76 66 58 70 60 47 2 78 24 0 35 28 26 22 27 4 15 17 86 21 46 15 38 95 83 60 85 2 94 89 58 72 64 99 75 39
14 78 99 81 86 71 63 38 52 6 21 90 0 5 35 1 98 38 66 29 90 56 65 50 42 5 88 63 54 69 27 32 13 44 20 3 51 37
27 1 7 99 2 25 25 91 43 76 19 77 69 0 67 51 34 5 15 93 82 88 3 46 69 77 95 95 80 44 30 99 67 100 37 29 87 34
78 53 16 90 23 78 91 52 42 59 12 81 48 74 0 84 21 94 40 22 67 73 67 91 20 66 64 93 47 24 32 32 6 63 34 74 25 34
69 79 30 29 31 68 31 11 85 50 84 14 67 93 29 0 13 23 50 41 38 47 5 87 34 79 27 28 93 25 45 16 47 36 83 7 18 69
78 97 18 36 31 10 46 4 90 73 17 92 36 77 76 57 0 9 96 18 66 7 32 52 19 35 26 83 18 56 54 88 56 4 58 77 99 44
66 23 19 89 52 65 95 77 16 22 20 67 65 20 75 41 2 0 55 31 50 94 90 31 24 73 67 47 81 21 50 60 56 55 62 43 34 25
90 92 46 16 90 43 81 86 51 39 80 2 78 60 19 63 43 49 0 16 9 30 89 70 54 2 85 25 42 66 76 82 19 24 11 33 94 47
52 96 57 67 61 94 68 74 7 67 71 81 99 65 54 89 98 42 36 0 67 23 87 1 21 54 100 45 13 51 6 44 59 58 39 79 27 28
79 21 75 12 24 51 94 64 21 27 97 64 87 67 100 52 24 97 51 30 0 5 9 7 76 66 28 30 31 65 24 75 91 52 74 11 74 37
46 10 23 19 92 62 74 14 40 58 56 46 20 36 13 28 27 3 8 60 19 0 98 88 99 63 51 73 95 25 24 6 61 20 71 16 19 73
13 53 79 53 68 46 49 88 42 65 57 14 74 4 96 11 36 65 20 45 65 91 0 40 100 73 89 1 76 97 67 40 17 58 48 28 74 1
45 53 97 73 23 19 92 60 47 66 23 45 35 68 88 95 29 74 14 30 62 38 21 0 83 75 95 11 71 95 87 41 63 63 19 66 23 53
60 23 47 55 23 12 35 25 30 34 46 46 57 72 84 90 51 34 13 8 24 23 85 3 0 30 1 68 30 73 31 49 1 4 56 61 79 34
74 88 49 79 97 84 84 52 78 82 87 42 53 21 3 60 93 84 84 52 29 10 97 86 84 0 76 83 58 11 43 18 67 35 70 15 87 58
55 1 92 98 12 31 49 64 85 78 53 71 24 63 19 24 86 10 78 17 61 34 77 3 53 75 0 39 76 81 29 66 47 61 66 23 91 70
81 79 58 24 82 20 30 36 73 64 48 97 9 8 97 67 66 35 67 79 81 11 10 78 51 54 1 0 35 93 6 55 52 78 76 91 20 9
35 68 80 13 4 6 63 72 17 29 49 24 18 45 91 69 73 49 85 59 19 95 42 57 57 34 74 19 0 72 97 46 100 38 96 20 53 46
72 31 9 50 9 58 77 3 7 6 72 33 28 82 88 34 7 12 72 17 11 34 97 1 78 14 72 53 24 0 13 93 99 91 89 52 83 10
39 5 29 53 47 93 69 62 63 25 31 60 82 46 68 60 58 73 98 57 54 13 64 44 26 27 99 80 39 28 0 17 38 51 11 21 59 88
4 55 41 51 27 82 26 99 91 16 97 8 14 90 51 9 32 31 67 41 84 50 44 7 38 63 79 33 35 21 66 0 78 42 26 32 26 38
63 76 52 63 31 57 20 26 2 53 17 38 76 41 54 43 24 93 38 80 63 45 91 83 75 54 18 37 10 34 26 71 0 72 14 27 54 86
16 14 32 51 79 62 49 50 69 1 41 6 67 39 23 1 87 30 72 37 5 61 46 67 31 99 33 30 30 57 42 12 39 0 70 30 89 10
6 89 2 59 28 77 65 41 53 92 32 35 2 14 52 68 87 3 5 8 81 18 97 42 5 50 5 29 89 59 99 51 12 86 0 55 82 42
4 76 6 84 86 78 86 29 4 51 87 95 15 57 33 1 31 69 59 10 62 27 20 15 32 7 3 46 42 63 20 53 76 58 85 0 24 52
56 72 11 75 5 89 7 99 30 6 68 63 57 46 74 37 59 59 17 7 70 19 66 83 35 11 53 10 27 26 65 7 76 54 74 46 0 97
82 30 92 93 65 23 63 2 40 14 73 60 25 41 44 16 46 38 77 90 15 70 84 51 16 96 1 82 52 72 35 56 89 24 51 70 61 0

(859, 479)
(370, 842)
(315, 230)
(483, 159)
(960, 67)
(543, 368)
(322, 442)
(80, 194)
(401, 921)
(623, 747)
(679, 915)
(657, 863)
(641, 494)
(513, 51)
(777, 972)
(486, 630)
(659, 299)
(413, 390)
(133, 487)
(741, 426)
(407, 653)
(466, 678)
(878, 254)
(752, 906)
(165, 772)
(379, 85)
(903, 252)
(102, 898)
(510, 70)
(454, 844)
(68, 353)
(201, 882)
(42, 598)
(503, 858)
(654, 549)
(66, 180)
(402, 812)
(160, 896)